# http://www.euclideanspace.com/maths/algebra/matrix/transforms/examples/index.htm
1 0 0
0 1 0
0 0 1

1 0 0
0 0 -1
0 1 0

1 0 0
0 -1 0
0 0 -1

1 0 0
0 0 1
0 -1 0

0 -1 0
1 0 0
0 0 1

0 0 1
1 0 0
0 1 0

0 1 0
1 0 0
0 0 -1

0 0 -1
1 0 0
0 -1 0

-1 0 0
0 -1 0
0 0 1

-1 0 0
0 0 -1
0 -1 0

-1 0 0
0 1 0
0 0 -1

-1 0 0
0 0 1
0 1 0

0 1 0
-1 0 0
0 0 1

0 0 1
-1 0 0
0 -1 0

0 -1 0
-1 0 0
0 0 -1

0 0 -1
-1 0 0
0 1 0

0 0 -1
0 1 0
1 0 0

0 1 0
0 0 1
1 0 0

0 0 1
0 -1 0
1 0 0

0 -1 0
0 0 -1
1 0 0

0 0 -1
0 -1 0
-1 0 0

0 -1 0
0 0 1
-1 0 0

0 0 1
0 1 0
-1 0 0

0 1 0
0 0 -1
-1 0 0